CLN Text File version 2
 1
 1  7  1  1
Polyline1
 36.030000  1817.150000
 94.110000  1817.150000
 169.940000  1757.460000
 224.790000  1872.010000
 318.360000  1749.400000
 416.770000  1881.690000
 503.890000  1768.760000
 1  3  0  0  3  0
 0.000000  0.000000  0.000000  0.000000  0.000000  0.700000  1.300000e+02  1.000000  0.000000
 1  0  0  0.000000  0.000000  0.000000e+00  0.000000e+00
 0  0  0  0
 0  0  0  0
 0  0  0  0
 0  0  0  0
 0.000000  0.000000   0.000000e+00  0.000000e+00
 0.000000  0.000000
 0.000000  0.000000
 0.000000  0.000000
 0.000000  0.000000
 0.000000  0.000000
 0.000000  0.000000
 1 1 1 1 1 1
