 NODE, RHS, AMAT FOLLOW
        1    0.999000E+23     0.100000E+21    0.00000        0.00000        0.00000        0.00000        0.00000        0.00000        0.00000        0.00000    
        2    0.999000E+23     0.100000E+21    0.00000        0.00000    
        3    0.999000E+23     0.100000E+21    0.00000        0.00000    
        4    0.999000E+23     0.100000E+21    0.00000        0.00000    
        5    0.185000E+21     0.100000E+21    3.97443        0.00000    
        6     0.00000         -71.5471        3.97443        67.5727        0.00000    
        7     0.00000         -135.145        67.5727        67.5727        0.00000    
        8     0.00000         -135.145        67.5727        67.5727        0.00000    
        9     0.00000         -135.145        67.5727        67.5727        0.00000    
       10     0.00000         0.100000E+21    67.5727        0.00000    
